7.434335569855046177e-01
6.108833879105696196e-01
7.895379636202645157e-01
5.359637271290846883e-01
5.071484729823597659e-01
6.627508453746746575e-01
5.244376254703947415e-01
5.474898287877747460e-01
6.051203370812247018e-01
9.451403360125795183e-01
7.434335569855046177e-01
4.956223713236697082e-01
7.837749127909195979e-01
1.308212538261314339e+00
2.299457280908653534e+00
1.486867113971009235e+00
1.492630164800354153e+00
2.380139992519483716e+00
6.633271504576090827e+00
4.967749814895387139e+00
6.304777607303426734e+00
2.080461349393543991e+00
2.253352874273893747e+00
2.950682024624638355e+00
2.939155922965948520e+00
1.734678299632844034e+00
8.586945735724045292e-01
4.091766088834947745e-01
4.956223713236697082e-01
6.742769470333646042e-01
4.322288122008747790e-01
5.590159304464646928e-01
1.383132199042799160e-01
5.889837947590586431e+00
5.088773882311632413e+00
1.878754570366468979e+00
6.938713198531376136e+00
8.644576244017495581e-01
3.918874563954597989e-01
4.091766088834947745e-01
4.898593204943247348e-01
4.956223713236697082e-01
4.034135580541497457e-01
2.651003381498698297e-01
2.074698298564198740e-01
2.950682024624638355e+00
3.065943041211538489e+00
3.763272191562283098e+00
2.610662025693283539e+00
2.195722365980443680e+00
4.668071171769447303e-01
3.976505072248047723e-01
5.763050829344996684e-01
3.573091514193897922e-01
4.495179646889097547e-01
3.054416939552848098e-01
3.054416939552848098e-01
8.644576244017495581e-01
8.529315227430595003e-01
6.915660995213995799e-01
6.339355912279496241e-01
4.725701680062897592e-01
4.679597273428137250e+00
3.307991176044028148e+00
3.567328463364552782e+00
1.579075927240529031e+00
1.924858977001228988e+00
6.051203370812247018e-01
3.457830497606997899e-01
5.186745746410497127e-01
2.766264398085598319e-01
3.457830497606997899e-01
5.186745746410497127e-01
6.166464387399146485e-01
5.186745746410497127e-01
4.224316257909882744e+00
2.034356942758783759e+00
1.434999656506904087e+00
2.754738296426908484e+00
3.014075583747433118e+00
4.587388460158617676e+00
4.725701680062897592e-01
3.515461005900448188e-01
5.129115238117046838e-01
6.051203370812247018e-01
4.091766088834947745e-01
5.071484729823597659e-01
5.590159304464646928e-01
2.766264398085598319e-01
1.383132199042799160e-01
1.999778637782713808e+00
1.630943384704634180e+00
1.400421351530834135e+00
4.604677612646652207e+00
3.521224056729792995e+00
2.622188127351973375e+00
5.590159304464646928e-01
1.216003724991794321e+00
6.166464387399146485e-01
5.359637271290846883e-01
4.437549138595647258e-01
4.264657613715297502e-01
4.898593204943247348e-01
4.437549138595647258e-01
4.379918630302197524e-01
4.495179646889097547e-01
4.379918630302197524e-01
4.898593204943247348e-01
4.149396597128397479e-01
3.976505072248047723e-01
1.844176265390398972e-01
1.002770844306029474e+00
8.010640652789545735e-01
1.267871182455899248e+00
3.002549482088743282e+00
2.466585754959658594e+00
2.627951178181318515e+00
1.094979657575549492e+00
1.141084064210309279e+00
1.062130267848282905e+01
2.091987451052233826e+00
1.815361011243673994e+00
3.244597616921233385e+00
1.463814910653629120e+00
5.532528796171196639e-01
3.918874563954597989e-01
4.495179646889097547e-01
5.532528796171196639e-01
5.820681337638446973e-01
3.342569481020097877e-01
4.264657613715297502e-01
4.091766088834947745e-01
4.322288122008747790e-01
1.947911180318608881e+00
1.118031860892929386e+00
2.224537620127168935e+00
2.541505415741143636e+00
7.261444044974696421e-01
8.356423702550245025e+00
5.590159304464646928e-01
3.861244055661147700e-01
4.552810155182547280e-01
5.417267779584297172e-01
4.610440663475997569e-01
4.264657613715297502e-01
3.457830497606997899e-01
1.901806773683848983e-01
2.881525414672498342e-01
3.100521346187608440e+00
7.071263367606310801e+00
2.818131855549703246e+00
6.005098964177486565e+00
4.956223713236697082e-01
3.918874563954597989e-01
4.610440663475997569e-01
4.437549138595647258e-01
4.610440663475997569e-01
5.647789812758097217e-01
6.339355912279496241e-01
1.048875250940789483e+00
3.918874563954597989e-01
6.627508453746746575e-01
5.878311845931896151e-01
5.647789812758097217e-01
8.817467768897845337e-01
6.396986420572946530e-01
3.861244055661147700e-01
4.091766088834947745e-01
5.820681337638446973e-01
4.091766088834947745e-01
4.437549138595647258e-01
4.685360324257482389e+00
1.037349149282099425e+00
1.331264741578694233e+00
1.411947453189524193e+00
3.682589479951452915e+00
1.675318876090590692e+01
5.186745746410497127e-01
5.474898287877747460e-01
5.186745746410497127e-01
9.336142343538894606e-01
3.861244055661147700e-01
3.861244055661147700e-01
4.898593204943247348e-01
5.855259642614516480e+00
5.302006762997397260e+00
7.301785400780111068e+00
3.642248124146037824e+00
5.129115238117046838e-01
5.186745746410497127e-01
9.220881326951995138e-01
4.264657613715297502e-01
6.108833879105696196e-01
4.668071171769447303e-01
6.800399978627096331e-01
2.310983382567343813e+00
7.601464043906050350e+00
3.694115581610142751e+00
4.956223713236697082e-01
6.339355912279496241e-01
1.169899318357034312e+00
4.898593204943247348e-01
1.002770844306029474e+00
7.722488111322295401e-01
4.783332188356347325e-01
6.224094895692596774e-01
4.149396597128397479e-01
5.013854221530147370e-01
4.437549138595647258e-01
5.071484729823597659e-01
5.474898287877747460e-01
5.359637271290846883e-01
3.803613547367697967e-01
4.668071171769447303e-01
2.875762363843153313e+00
4.276183715373987226e+00
5.982046760860106893e+00
3.440541345118963257e+00
1.429236605677559169e+00
1.045417420443182444e+01
4.783332188356347325e-01
4.898593204943247348e-01
4.034135580541497457e-01
6.339355912279496241e-01
5.013854221530147370e-01
7.146183028387795844e-01
5.359637271290846883e-01
2.420481348324898530e-01
2.904577617989878568e+00
2.213011518468478656e+00
2.622188127351973375e+00
3.890059309807872623e+00
1.930622027830573906e+00
5.866785744273206760e+00
5.417267779584297172e-01
4.956223713236697082e-01
3.918874563954597989e-01
5.820681337638446973e-01
4.149396597128397479e-01
7.261444044974696421e-01
5.359637271290846883e-01
3.284938972726648143e-01
6.927187096872685856e+00
4.235842359568573023e+00
1.066164403428824459e+00
5.302006762997396594e-01
4.264657613715297502e-01
8.356423702550245247e-01
6.569877945453296286e-01
3.976505072248047723e-01
4.898593204943247348e-01
4.840962696649797059e-01
2.097750501881578966e+00
3.976505072248047945e+00
3.797850496538353049e+00
3.365621684337478214e+00
3.665300327463417940e+00
5.417267779584297172e-01
4.437549138595647258e-01
6.685138962040195754e-01
4.264657613715297502e-01
5.590159304464646928e-01
3.918874563954597989e-01
7.434335569855046177e-01
4.604677612646652207e+00
6.056966421641591936e+00
1.590602028899219089e+00
4.287709817032677506e+00
1.994015586953368890e+00
5.532528796171196639e-01
4.725701680062897592e-01
6.742769470333646042e-01
4.725701680062897592e-01
2.823894906379048608e-01
3.688352530780797944e-01
4.783332188356347325e-01
5.013854221530147370e-01
8.990359293778195093e-01
4.610440663475997569e-01
5.820681337638446973e-01
4.149396597128397479e-01
3.227308464433198409e-01
3.774798293220972933e+00
2.213011518468478656e+00
5.492187440365781548e+00
4.656545070110757578e+00
3.256123718579923221e+00
4.552810155182547280e-01
5.129115238117046838e-01
9.336142343538894606e-01
4.437549138595647258e-01
4.610440663475997569e-01
3.054416939552848098e-01
2.616425076522628679e+00
2.218774569297823795e+00
2.391666094178173552e+00
1.210240674162449404e+00
3.722930835756868007e+00
1.867228468707778921e+00
1.077690505087514294e+00
4.552810155182547280e-01
5.129115238117046838e-01
3.918874563954597989e-01
4.437549138595647258e-01
4.495179646889097547e-01
3.169677956139748121e-01
1.325501690749349148e-01
1.152610165868999392e-01
4.552810155182547280e-01
4.725701680062897592e-01
5.302006762997396594e-01
4.898593204943247348e-01
8.125901669376445202e-01
7.607227094735395934e-01
6.281725403986045952e-01
2.535742364911798497e+00
3.077469142870228325e+00
2.610662025693283539e+00
2.541505415741143636e+00
3.964978970589357665e+00
3.227308464433197965e+00
4.437549138595647258e-01
4.725701680062897592e-01
5.302006762997396594e-01
5.071484729823597659e-01
5.532528796171196639e-01
7.780118619615745690e-01
5.013854221530147370e-01
3.619195920828658153e+00
3.970742021418702805e+00
1.792308807926294101e+00
1.406184402360179275e+00
1.625180333875289040e+00
1.982489485294678833e+00
1.625180333875289040e+00
4.783332188356347325e-01
7.434335569855046177e-01
3.918874563954597989e-01
4.264657613715297502e-01
4.956223713236697082e-01
4.783332188356347325e-01
4.495179646889097547e-01
5.302006762997396594e-01
1.031586098452754507e+00
4.552810155182547280e-01
4.495179646889097547e-01
5.532528796171196639e-01
6.166464387399146485e-01
4.552810155182547280e-01
4.322288122008747790e-01
5.129115238117046838e-01
4.956223713236697082e-01
2.086224400222888686e+00
1.757730502950223928e+00
6.420038623890325979e+00
3.953452868930667830e+00
2.213011518468478656e+00
2.864236262184463477e+00
4.668071171769447303e-01
4.379918630302197524e-01
4.495179646889097547e-01
7.491966078148495356e-01
3.745983039074247678e-01
6.281725403986045952e-01
5.878311845931896151e-01
6.270199302327356783e+00
2.374376941690138576e+00
6.800399978627096331e-01
1.930622027830573906e+00
1.648232537192669156e+00
4.379918630302197524e-01
4.437549138595647258e-01
4.495179646889097547e-01
4.379918630302197524e-01
3.227308464433198409e-01
6.742769470333646042e-01
5.186745746410497127e-01
9.624294885006144940e-01
4.898593204943247348e-01
4.091766088834947745e-01
4.725701680062897592e-01
6.742769470333646042e-01
7.780118619615745690e-01
7.837749127909195979e-01
2.939155922965948076e-01
6.454616928866396819e-01
4.495179646889097547e-01
4.552810155182547280e-01
1.728915248803499116e+00
3.042890837894158373e+00
2.391666094178173552e+00
1.821124062073018912e+00
3.855481004831802672e+00
4.564336256841237116e+00
1.637859045699848082e+01
1.861465417878434003e+00
1.377369148213454242e+00
4.956223713236697082e-01
9.739555901593044407e-01
4.379918630302197524e-01
1.192951521674414428e+00
5.013854221530147370e-01
4.034135580541497457e-01
5.071484729823597659e-01
4.034135580541497457e-01
5.071484729823597659e-01
7.491966078148495356e-01
1.844176265390398972e-01
2.132328806857648917e+00
2.529979314082453357e+00
1.383132199042799160e+00
2.823894906379048386e+00
1.757730502950223928e+00
2.339798636714068625e+00
1.982489485294678833e+00
1.936385078659918824e+00
1.331264741578694233e+00
2.731686093109528368e+00
1.052909386521330859e+01
1.365843046554764184e+00
5.705420321051546395e-01
5.186745746410497127e-01
4.610440663475997569e-01
8.702206752310944760e-01
6.627508453746746575e-01
5.590159304464646928e-01
5.474898287877747016e+00
4.668071171769446970e+00
6.506484386330501302e+00
2.524216263253108661e+00
5.878311845931896151e-01
5.590159304464646928e-01
4.379918630302197524e-01
4.898593204943247348e-01
4.379918630302197524e-01
5.359637271290846883e-01
5.359637271290846883e-01
2.143854908516338753e+00
3.221545413603853270e+00
5.745761676856961486e+00
3.319517277702717983e+00
1.988252536124023973e+00
1.994015586953368890e+00
5.705420321051546395e-01
5.129115238117046838e-01
5.302006762997396594e-01
3.400199989313548166e-01
7.491966078148495356e-01
3.918874563954597989e-01
4.264657613715297502e-01
5.647789812758097217e-01
8.586945735724045292e-01
5.532528796171196639e-01
6.685138962040195754e-01
9.566664376712694651e-01
3.861244055661147700e-01
6.742769470333646042e-01
4.149396597128397479e-01
6.166464387399146485e-01
5.763050829344996684e-01
1.204477623333104264e+00
1.123794911722274303e+00
1.066164403428824459e+00
2.916103719648568404e+00
4.207027105421847324e+00
2.668292533986733606e+00
3.573091514193897922e-01
4.322288122008747790e-01
3.861244055661147700e-01
5.359637271290846883e-01
5.302006762997396594e-01
5.590159304464646928e-01
4.034135580541497457e-01
7.434335569855046177e-01
1.728915248803498950e-01
5.884074896761241291e+00
2.679818635645423441e+00
4.933171509919317188e+00
4.379918630302197968e+00
1.711626096315464141e+00
3.135099651163678391e+00
5.013854221530147370e-01
6.627508453746746575e-01
1.071927454258169377e+00
5.532528796171196639e-01
4.091766088834947745e-01
7.491966078148495356e-01
9.278511835245444317e-01
7.607227094735395934e-01
4.034135580541497457e-01
6.108833879105696196e-01
4.783332188356347325e-01
4.443312189424992731e+00
1.636706435533979098e+00
3.331043379361408263e+00
2.691344737304113277e+00
3.820902699855732720e+00
1.579075927240529031e+00
3.302228125214683008e+00
3.509697955071103159e+00
4.552810155182547280e-01
6.339355912279496241e-01
5.417267779584297172e-01
3.918874563954597989e-01
4.437549138595647258e-01
5.993572862518796729e-01
8.356423702550245247e-01
4.996565069042111951e+00
3.186967108627783318e+00
3.809376598197042885e+00
4.541284053523857445e+00
1.648232537192669156e+00
9.854816918179944985e-01
4.552810155182547280e-01
6.454616928866396819e-01
5.474898287877747460e-01
3.918874563954597989e-01
7.376705061561595889e-01
5.244376254703947415e-01
6.454616928866396819e-01
2.270642026761928722e+00
3.486645751753723044e+00
3.002549482088743282e+00
1.348553894066729208e+00
1.204477623333104264e+00
3.803613547367697967e-01
8.356423702550245247e-01
6.166464387399146485e-01
8.298793194256794958e-01
8.298793194256794958e-01
9.624294885006144940e-01
6.166464387399146485e-01
4.379918630302197524e-01
6.281725403986045952e-01
4.149396597128397479e-01
2.881525414672498342e-01
9.220881326951994861e-02
3.186967108627783318e+00
1.337027792408039151e+00
3.094758295358263300e+00
8.990359293778195093e-01
1.118031860892929386e+00
2.495401009106383405e+00
2.685581686474768581e+00
1.143389284542047335e+01
5.227087102215912218e+00
1.544497622264459080e+00
1.815361011243673994e+00
4.898593204943247348e-01
5.705420321051546395e-01
8.529315227430595003e-01
4.322288122008747790e-01
8.125901669376445202e-01
5.878311845931896151e-01
5.647789812758097217e-01
4.091766088834947745e-01
4.495179646889097547e-01
5.647789812758097217e-01
4.840962696649797059e-01
3.861244055661147700e-01
2.766264398085598319e-01
2.547268466570488776e+00
3.204256261115818294e+00
2.051646095246818735e+00
1.141084064210309279e+00
2.005541688612058948e+00
3.256123718579923221e+00
3.273412871067958196e+00
2.276405077591273862e+00
3.913111513125252738e+00
4.852488798308487006e+00
2.022830841100093924e+00
5.244376254703947415e-01
5.071484729823597659e-01
3.515461005900448188e-01
7.491966078148495356e-01
4.091766088834947745e-01
5.705420321051546395e-01
6.627508453746746575e-01
4.189737952933812792e+00
1.942148129489263964e+00
3.676826429122107776e+00
6.742769470333645820e+00
5.935942354225346440e-01
5.705420321051546395e-01
3.515461005900448188e-01
3.976505072248047723e-01
4.495179646889097547e-01
6.108833879105696196e-01
5.878311845931896151e-01
5.705420321051546395e-01
3.302228125214683008e+00
3.112047447846298276e+00
2.068935247734853711e+00
6.552588792965261533e+00
2.045883044417474039e+00
5.878311845931896151e-01
5.705420321051546395e-01
3.976505072248047723e-01
5.647789812758097217e-01
4.034135580541497457e-01
3.284938972726648143e-01
3.976505072248047723e-01
5.993572862518796729e-01
4.956223713236697082e-01
4.437549138595647258e-01
4.207027105421847768e-01
4.956223713236697082e-01
5.186745746410497127e-01
5.935942354225346440e-01
4.616203714305342487e+00
7.163472180875831263e+00
4.714175578404207201e+00
3.221545413603853270e+00
3.976505072248047723e-01
5.993572862518796729e-01
4.898593204943247348e-01
4.437549138595647258e-01
4.149396597128397479e-01
4.956223713236697082e-01
5.129115238117046838e-01
6.224094895692596774e-01
2.259115925103238887e+00
2.841184058867083362e+00
4.264657613715297835e+00
3.267649820238613056e+00
1.988252536124023973e+00
1.267871182455899248e+00
1.567549825581839196e+00
4.668071171769447303e-01
4.495179646889097547e-01
3.112047447846298387e-01
4.149396597128397479e-01
4.149396597128397479e-01
8.529315227430595003e-01
4.668071171769447303e-01
7.088552520094345555e-01
3.331043379361408263e+00
1.999778637782713808e+00
2.287931179249963698e+00
2.166907111833718869e+00
1.671284740510049049e+00
7.434335569855046177e-01
1.152610165868999337e+00
4.910119306601937517e+00
4.725701680062897592e-01
4.725701680062897592e-01
4.149396597128397479e-01
4.495179646889097547e-01
5.244376254703947415e-01
4.149396597128397479e-01
5.359637271290846883e-01
4.610440663475997569e-01
3.745983039074247678e-01
1.538734571435114162e+00
1.106505759234239328e+00
3.129336600334333252e+00
2.155381010175028589e+00
1.959437281977298939e+00
2.950682024624638355e+00
2.627951178181318515e+00
2.103513552710923662e+00
5.359637271290846883e-01
8.759837260604395048e-01
5.647789812758097217e-01
5.302006762997396594e-01
4.034135580541497457e-01
4.264657613715297502e-01
5.129115238117046838e-01
5.474898287877747460e-01
4.898593204943247348e-01
8.471684719137144715e-01
6.166464387399146485e-01
5.878311845931896151e-01
7.261444044974696421e-01
2.305220331737998674e+00
3.267649820238613056e+00
2.230300670956513631e+00
9.220881326951995138e-01
1.060401352599479319e+00
3.607669819169967873e+00
2.869999313013808173e+00
2.927629821307258240e+00
5.059958628164906713e+00
4.097529139664292330e+00
1.711626096315464141e+00
5.013854221530147370e-01
4.668071171769447303e-01
5.590159304464646928e-01
5.474898287877747460e-01
6.281725403986045952e-01
6.973291503507446087e-01
6.858030486920546620e-01
5.325058966314776931e+00
6.131886082423076978e+00
5.054195577335562461e+00
1.763493553779569067e+00
2.189959315151098984e+00
5.013854221530147370e-01
7.088552520094345555e-01
5.474898287877747460e-01
5.302006762997396594e-01
5.935942354225346440e-01
5.071484729823597659e-01
2.535742364911798830e-01
6.506484386330501302e+00
4.299235918691367786e+00
3.117810498675643416e+00
4.281946766203332366e+00
4.898593204943247348e-01
4.264657613715297502e-01
6.858030486920546620e-01
5.071484729823597659e-01
5.186745746410497127e-01
5.186745746410497127e-01
8.298793194256794958e-01
3.803613547367697967e-01
4.552810155182547280e-01
3.515461005900448188e-01
7.146183028387795844e-01
4.495179646889097547e-01
4.552810155182547280e-01
7.030922011800896376e-01
4.783332188356347325e-01
4.840962696649797059e-01
5.186745746410497127e-01
4.091766088834947745e-01
5.186745746410497127e-01
2.299457280908653534e+00
6.489195233842466770e+00
1.296686436602624282e+00
1.561786774752494056e+00
2.074698298564198851e+00
1.458051859824284202e+00
1.970963383635988997e+00
3.250360667750578081e+00
4.166685749616432233e+00
2.218774569297823795e+00
1.976726434465333915e+00
3.745983039074247678e+00
2.074698298564198851e+00
5.186745746410497127e-01
3.054416939552848098e-01
5.417267779584297172e-01
4.840962696649797059e-01
3.745983039074247678e-01
4.207027105421847768e-01
8.471684719137144715e-01
5.359637271290846883e-01
4.725701680062897592e-01
5.613211507782026821e+00
7.451624722343081153e+00
3.930400665613287714e+00
4.887067103284556957e+00
5.763050829344996684e-01
4.898593204943247348e-01
3.745983039074247678e-01
4.264657613715297502e-01
7.549596586441945645e-01
4.725701680062897592e-01
4.783332188356347325e-01
4.426023036936957311e+00
3.083232193699573465e+00
2.437770500812933783e+00
2.057409146076163875e+00
1.849939316219743946e+00
5.878311845931896151e-01
4.264657613715297502e-01
3.745983039074247678e-01
4.437549138595647258e-01
4.149396597128397479e-01
2.708633889792148586e-01
4.207027105421847768e-01
7.376705061561595889e-01
9.624294885006144940e-01
4.379918630302197524e-01
4.322288122008747790e-01
7.780118619615745690e-01
4.956223713236697082e-01
7.088552520094345555e-01
6.281725403986045952e-01
5.878311845931896151e-01
3.861244055661147700e-01
3.688352530780797944e-01
4.293472867862022646e+00
6.621745402917401435e+00
2.143854908516338753e+00
1.406184402360179275e+00
3.855481004831802672e+00
8.644576244017495581e-01
2.921866770477913544e+00
2.754738296426908484e+00
4.207027105421847324e+00
3.146625752822368227e+00
1.792308807926294101e+00
4.322288122008747790e-01
4.264657613715297502e-01
1.129557962551619443e+00
4.495179646889097547e-01
7.434335569855046177e-01
1.285160334943934224e+00
1.677047791339393967e+00
6.281725403986045952e-01
7.612990145564740629e+00
3.653774225804728104e+00
6.039677269153556516e+00
4.379918630302197524e-01
4.322288122008747790e-01
1.112268810063584468e+00
5.820681337638446973e-01
4.610440663475997569e-01
7.319074553268145600e-01
9.970077934766844452e-01
2.864236262184463477e+00
2.593372873205248563e-01
3.832428801514423000e+00
2.616425076522628679e+00
4.368392528643507688e+00
2.420481348324898530e-01
4.379918630302197524e-01
4.322288122008747790e-01
2.996786431259398364e-01
5.935942354225346440e-01
5.474898287877747460e-01
4.840962696649797059e-01
4.149396597128397479e-01
5.359637271290846883e-01
7.203813536681246132e-01
7.319074553268145600e-01
7.895379636202645157e-01
4.253131512056607555e+00
3.521224056729792995e+00
4.812147442503071915e+00
4.028372529712152428e+00
6.783110826139060912e+00
7.146183028387795844e-01
5.244376254703947415e-01
4.264657613715297502e-01
4.783332188356347325e-01
7.261444044974696421e-01
5.071484729823597659e-01
5.532528796171196639e-01
9.434114207637760430e+00
1.210240674162449404e+00
1.204477623333104264e+00
1.164136267527689395e+00
2.668292533986733606e+00
5.302006762997396594e-01
7.146183028387795844e-01
3.745983039074247678e-01
5.071484729823597659e-01
5.244376254703947415e-01
1.440762707336249171e-01
1.221766775821139239e+00
1.164136267527689395e+00
1.400421351530834135e+00
8.068271161082994913e-01
3.803613547367697967e-01
9.393772851832344895e-01
7.549596586441945645e-01
7.664857603028846222e-01
5.417267779584297172e-01
1.423473554848214251e+00
1.031586098452754507e+00
2.437770500812933783e+00
3.757509140732937958e+00
3.210019311945162990e+00
1.504156266459044211e+00
4.794858290015037383e+00
3.480882700924377904e+00
4.558573206011892864e+00
3.250360667750578081e+00
3.573091514193897922e+00
1.936385078659918824e+00
3.688352530780797944e-01
9.336142343538894606e-01
6.396986420572946530e-01
7.722488111322295401e-01
5.474898287877747460e-01
4.322288122008747790e-01
1.775019655438258903e+00
7.151946079217140984e+00
3.319517277702717983e+00
4.593151510987962816e+00
1.988252536124023973e+00
1.878754570366468979e+00
3.129336600334333252e+00
1.740441350462188952e+00
1.711626096315464141e+00
4.668071171769447303e-01
4.956223713236697082e-01
3.745983039074247678e-01
5.186745746410497127e-01
5.532528796171196639e-01
3.342569481020097877e-01
7.549596586441945645e-01
5.532528796171196639e-01
3.976505072248047723e-01
5.935942354225346440e-01
3.688352530780797944e-01
7.607227094735395934e-01
5.705420321051546395e-01
4.685360324257482389e+00
4.973512865724732279e+00
3.290702023555993172e+00
4.028372529712152428e+00
2.979497278771363167e+00
7.491966078148495356e-01
5.705420321051546395e-01
6.108833879105696196e-01
2.074698298564198740e-01
3.688352530780797944e-01
7.607227094735395934e-01
4.207027105421847768e-01
4.840962696649797059e-01
2.080461349393543991e+00
1.123794911722274303e+00
4.662308120940102718e+00
3.705641683268833031e+00
5.013854221530147370e+00
7.203813536681246132e-01
4.840962696649797059e-01
6.108833879105696196e-01
3.918874563954597989e-01
4.379918630302197524e-01
1.152610165868999392e-01
1.671284740510048938e-01
8.298793194256794958e-01
9.393772851832344895e-01
9.681925393299594118e-01
4.437549138595647258e-01
8.068271161082994913e-01
7.434335569855046177e-01
5.820681337638446973e-01
7.549596586441945645e-01
6.685138962040195754e-01
6.858030486920546620e-01
3.976505072248047723e-01
6.829215232773821143e+00
3.359858633508133074e+00
1.746204401291534092e+00
1.486867113971009235e+00
5.186745746410497127e+00
1.354316944896074348e+00
2.466585754959658594e+00
4.927408459089972048e+00
4.276183715373987226e+00
1.786545757096948961e+00
1.619417283045944123e+00
6.396986420572946530e-01
1.227529826650484379e+00
4.034135580541497457e-01
3.400199989313548166e-01
6.512247437159845997e-01
2.535742364911798830e-01
2.074698298564198740e-01
2.651003381498698630e+00
4.472127443571717542e+00
5.180982695581151987e+00
5.336585067973467211e+00
2.818131855549703246e+00
6.742769470333646042e-01
6.454616928866396819e-01
5.878311845931896151e-01
4.149396597128397479e-01
6.166464387399146485e-01
3.342569481020097877e-01
6.396986420572946530e-01
4.552810155182547280e-01
3.457830497606997899e-01
4.247368461227262415e+00
1.308212538261314339e+00
3.774798293220972933e+00
1.325501690749349315e+00
2.184196264321753844e+00
5.244376254703947415e-01
3.457830497606997899e-01
4.034135580541497457e-01
4.956223713236697082e-01
3.688352530780797944e-01
4.495179646889097547e-01
2.823894906379048608e-01
7.549596586441945645e-01
8.702206752310944760e-01
8.010640652789545735e-01
9.336142343538894606e-01
2.939155922965948076e-01
5.935942354225346440e-01
3.659537276634072800e+00
4.812147442503071915e+00
2.656766432328043326e+00
5.423030830413641645e+00
1.262108131626554330e+00
9.854816918179944985e-01
8.702206752310944760e-01
1.031586098452754507e+00
8.010640652789545735e-01
1.728915248803498950e-01
8.644576244017494748e-02
3.751746089903592818e+00
3.567328463364552782e+00
3.204256261115818294e+00
6.275962353156701035e+00
1.682810842168739107e+00
4.552810155182547280e-01
3.803613547367697967e-01
5.359637271290846883e-01
4.956223713236697082e-01
5.302006762997396594e-01
4.264657613715297502e-01
3.803613547367697967e-01
3.630722022487348211e-01
6.108833879105696196e-01
4.956223713236697082e-01
4.091766088834947745e-01
4.668071171769447303e-01
3.169677956139748121e-01
5.763050829344996684e-01
3.284938972726648143e-01
3.918874563954597989e-01
3.630722022487348211e-01
4.149396597128397479e-01
8.529315227430595003e-01
5.993572862518796729e-01
8.644576244017495581e-01
4.379918630302197524e-01
3.976505072248047723e-01
3.803613547367697967e-01
8.471684719137144715e-01
9.970077934766844452e-01
4.207027105421847768e-01
5.532528796171196639e-01
3.400199989313548166e-01
5.820681337638446973e-01
4.034135580541497457e-01
4.610440663475997569e-01
3.918874563954597989e-01
5.590159304464646928e-01
1.135321013380964361e+00
5.935942354225346440e-01
4.034135580541497457e-01
4.840962696649797059e-01
6.166464387399146485e-01
6.166464387399146485e-01
5.647789812758097217e-01
7.146183028387795844e-01
4.437549138595647258e-01
3.054416939552848098e-01
4.437549138595647258e-01
4.552810155182547280e-01
5.302006762997396594e-01
4.898593204943247348e-01
5.359637271290846883e-01
4.898593204943247348e-01
4.668071171769447303e-01
1.383132199042799160e-01
3.745983039074247678e-01
5.532528796171196639e-01
5.705420321051546395e-01
4.379918630302197524e-01
4.495179646889097547e-01
4.495179646889097547e-01
2.766264398085598319e-01
4.495179646889097547e-01
4.437549138595647258e-01
4.898593204943247348e-01
4.149396597128397479e-01
6.454616928866396819e-01
5.186745746410497127e-01
4.552810155182547280e-01
5.935942354225346440e-01
4.495179646889097547e-01
6.742769470333646042e-01
5.013854221530147370e-01
9.047989802071645382e-01
5.359637271290846883e-01
5.474898287877747460e-01
3.976505072248047723e-01
5.935942354225346440e-01
5.186745746410497127e-01
7.664857603028846222e-01
5.705420321051546395e-01
3.400199989313548166e-01
4.437549138595647258e-01
4.610440663475997569e-01
2.881525414672498342e-01
4.495179646889097547e-01
4.149396597128397479e-01
4.322288122008747790e-01
5.532528796171196639e-01
2.362850840031448796e-01
3.918874563954597989e-01
7.549596586441945645e-01
4.034135580541497457e-01
5.647789812758097217e-01
3.861244055661147700e-01
3.400199989313548166e-01
5.302006762997396594e-01
2.996786431259398364e-01
4.783332188356347325e-01
4.610440663475997569e-01
3.918874563954597989e-01
5.705420321051546395e-01
5.302006762997396594e-01
5.129115238117046838e-01
6.281725403986045952e-01
6.742769470333646042e-01
7.664857603028846222e-01
7.895379636202645157e-01
8.241162685963345780e-01
7.030922011800896376e-01
4.091766088834947745e-01
6.454616928866396819e-01
6.915660995213995799e-01
4.552810155182547280e-01
4.207027105421847768e-01
1.613654232216599205e-01
3.745983039074247678e-01
3.630722022487348211e-01
4.034135580541497457e-01
4.898593204943247348e-01
4.149396597128397479e-01
4.783332188356347325e-01
3.284938972726648143e-01
2.708633889792148586e-01
1.267871182455899415e-01
3.745983039074247678e-01
4.840962696649797059e-01
4.552810155182547280e-01
4.437549138595647258e-01
4.956223713236697082e-01
4.379918630302197524e-01
6.224094895692596774e-01
8.644576244017494748e-02
7.491966078148495356e-01
7.319074553268145600e-01
6.454616928866396819e-01
4.495179646889097547e-01
1.020059996794064450e+00
5.935942354225346440e-01
6.685138962040195754e-01
4.840962696649797059e-01
7.664857603028846222e-01
5.647789812758097217e-01
5.532528796171196639e-01
5.820681337638446973e-01
4.379918630302197524e-01
4.207027105421847768e-01
4.495179646889097547e-01
6.108833879105696196e-01
4.783332188356347325e-01
4.840962696649797059e-01
2.708633889792148586e-01
8.471684719137144715e-01
8.586945735724045292e-01
2.132328806857648751e-01
5.647789812758097217e-01
9.739555901593044407e-01
5.359637271290846883e-01
3.688352530780797944e-01
5.186745746410497127e-01
6.281725403986045952e-01
7.664857603028846222e-01
2.939155922965948076e-01
3.054416939552848098e-01
3.457830497606997899e-01
5.359637271290846883e-01
5.013854221530147370e-01
5.647789812758097217e-01
4.437549138595647258e-01
4.783332188356347325e-01
3.688352530780797944e-01
5.071484729823597659e-01
4.783332188356347325e-01
1.141084064210309279e+00
6.973291503507446087e-01
7.146183028387795844e-01
5.013854221530147370e-01
4.552810155182547280e-01
5.302006762997396594e-01
5.647789812758097217e-01
6.569877945453296286e-01
4.034135580541497457e-01
8.298793194256794958e-01
6.396986420572946530e-01
4.207027105421847768e-01
3.688352530780797944e-01
3.803613547367697967e-01
4.668071171769447303e-01
4.840962696649797059e-01
5.532528796171196639e-01
6.858030486920546620e-01
6.454616928866396819e-01
4.207027105421847768e-01
3.688352530780797944e-01
3.803613547367697967e-01
4.840962696649797059e-01
5.532528796171196639e-01
3.515461005900448188e-01
6.396986420572946530e-01
4.552810155182547280e-01
8.932728785484744805e-01
1.118031860892929386e+00
8.125901669376445202e-01
9.451403360125795183e-01
5.129115238117046838e-01
7.376705061561595889e-01
5.878311845931896151e-01
3.400199989313548166e-01
2.939155922965948076e-01
2.132328806857648751e-01
3.400199989313548166e-01
2.939155922965948076e-01
1.152610165868999337e+00
3.688352530780797944e-01
4.149396597128397479e-01
5.129115238117046838e-01
3.400199989313548166e-01
5.071484729823597659e-01
4.610440663475997569e-01
7.203813536681246132e-01
3.688352530780797944e-01
4.149396597128397479e-01
5.705420321051546395e-01
5.071484729823597659e-01
6.685138962040195754e-01
7.895379636202645157e-01
6.973291503507446087e-01
7.837749127909195979e-01
4.379918630302197524e-01
4.034135580541497457e-01
4.264657613715297502e-01
7.491966078148495356e-01
4.725701680062897592e-01
5.474898287877747460e-01
3.918874563954597989e-01
5.186745746410497127e-01
5.129115238117046838e-01
2.881525414672498342e-01
4.783332188356347325e-01
6.281725403986045952e-01
3.688352530780797944e-01
4.898593204943247348e-01
7.837749127909195979e-01
4.264657613715297502e-01
3.342569481020097877e-01
1.319738639920004175e+00
3.803613547367697967e-01
1.048875250940789483e+00
9.451403360125795183e-01
4.495179646889097547e-01
4.610440663475997569e-01
4.437549138595647258e-01
4.956223713236697082e-01
8.010640652789545735e-01
2.996786431259398364e-01
3.745983039074247678e-01
4.552810155182547280e-01
3.918874563954597989e-01
4.437549138595647258e-01
4.552810155182547280e-01
4.495179646889097547e-01
4.783332188356347325e-01
6.051203370812247018e-01
4.264657613715297502e-01
4.668071171769447303e-01
5.244376254703947415e-01
4.610440663475997569e-01
5.417267779584297172e-01
4.898593204943247348e-01
9.566664376712694651e-01
2.074698298564198740e-01
7.664857603028846222e-01
5.417267779584297172e-01
9.509033868419244362e-01
5.763050829344996684e-01
7.953010144496095446e-01
6.800399978627096331e-01
7.030922011800896376e-01
4.783332188356347325e-01
5.820681337638446973e-01
2.881525414672498342e-01
5.302006762997396594e-01
3.861244055661147700e-01
5.590159304464646928e-01
4.495179646889097547e-01
5.474898287877747460e-01
4.783332188356347325e-01
5.820681337638446973e-01
4.840962696649797059e-01
5.878311845931896151e-01
2.535742364911798830e-01
4.495179646889097547e-01
3.573091514193897922e-01
4.322288122008747790e-01
4.783332188356347325e-01
5.820681337638446973e-01
3.918874563954597989e-01
5.763050829344996684e-01
1.383132199042799160e-01
6.396986420572946530e-01
5.359637271290846883e-01
8.183532177669895491e-01
8.183532177669895491e-01
4.840962696649797059e-01
8.875098277191294516e-01
7.780118619615745690e-01
6.166464387399146485e-01
4.956223713236697082e-01
4.956223713236697082e-01
5.878311845931896151e-01
9.797186409886494973e-02
3.573091514193897922e-01
5.071484729823597659e-01
4.783332188356347325e-01
5.186745746410497127e-01
5.186745746410497127e-01
4.783332188356347325e-01
4.898593204943247348e-01
4.610440663475997569e-01
1.959437281977298995e-01
1.112268810063584468e+00
1.146847115039654419e+00
7.780118619615745690e-01
4.552810155182547280e-01
5.244376254703947415e-01
4.610440663475997569e-01
4.898593204943247348e-01
4.610440663475997569e-01
1.094979657575549492e+00
8.068271161082996024e-02
4.437549138595647258e-01
4.437549138595647258e-01
4.956223713236697082e-01
4.495179646889097547e-01
5.647789812758097217e-01
4.610440663475997569e-01
4.898593204943247348e-01
4.610440663475997569e-01
4.898593204943247348e-01
3.688352530780797944e-01
1.008533895135374392e+00
9.854816918179944985e-01
8.356423702550245247e-01
5.935942354225346440e-01
5.532528796171196639e-01
4.264657613715297502e-01
5.129115238117046838e-01
5.244376254703947415e-01
2.651003381498698297e-01
4.898593204943247348e-01
3.688352530780797944e-01
5.013854221530147370e-01
4.091766088834947745e-01
7.203813536681246132e-01
4.207027105421847768e-01
4.725701680062897592e-01
4.091766088834947745e-01
4.956223713236697082e-01
3.861244055661147700e-01
3.918874563954597989e-01
6.166464387399146485e-01
4.091766088834947745e-01
4.322288122008747790e-01
3.573091514193897922e-01
8.125901669376445202e-01
9.336142343538894606e-01
8.875098277191294516e-01
6.800399978627096331e-01
5.705420321051546395e-01
7.203813536681246132e-01
5.532528796171196639e-01
5.935942354225346440e-01
4.379918630302197524e-01
4.725701680062897592e-01
7.146183028387795844e-01
5.532528796171196639e-01
4.034135580541497457e-01
3.745983039074247678e-01
3.573091514193897922e-01
6.685138962040195754e-01
4.034135580541497457e-01
2.535742364911798830e-01
5.532528796171196639e-01
5.302006762997396594e-01
3.745983039074247678e-01
6.108833879105696196e-01
3.918874563954597989e-01
3.918874563954597989e-01
5.820681337638446973e-01
1.901806773683848983e-01
4.552810155182547280e-01
7.549596586441945645e-01
6.742769470333646042e-01
9.797186409886494696e-01
4.207027105421847768e-01
4.149396597128397479e-01
8.759837260604395048e-01
4.034135580541497457e-01
5.532528796171196639e-01
4.437549138595647258e-01
5.129115238117046838e-01
3.688352530780797944e-01
4.610440663475997569e-01
4.898593204943247348e-01
4.091766088834947745e-01
4.322288122008747790e-01
4.725701680062897592e-01
5.302006762997396594e-01
4.668071171769447303e-01
4.264657613715297502e-01
4.552810155182547280e-01
5.013854221530147370e-01
4.379918630302197524e-01
4.207027105421847768e-01
4.322288122008747790e-01
4.322288122008747790e-01
4.091766088834947745e-01
5.532528796171196639e-01
7.895379636202645157e-01
1.025823047623409368e+00
6.396986420572946530e-01
9.970077934766844452e-01
1.037349149282099425e+00
5.417267779584297172e-01
5.532528796171196639e-01
4.898593204943247348e-01
5.532528796171196639e-01
1.844176265390398972e-01
8.644576244017494748e-02
3.342569481020097877e-01
5.186745746410497127e-01
3.861244055661147700e-01
5.474898287877747460e-01
4.725701680062897592e-01
6.454616928866396819e-01
3.457830497606997899e-01
2.132328806857648751e-01
3.630722022487348211e-01
3.342569481020097877e-01
5.186745746410497127e-01
3.976505072248047723e-01
4.264657613715297502e-01
6.512247437159845997e-01
3.976505072248047723e-01
3.745983039074247678e-01
8.356423702550245247e-01
8.990359293778195093e-01
7.895379636202645157e-01
6.166464387399146485e-01
7.203813536681246132e-01
7.434335569855046177e-01
7.549596586441945645e-01
3.227308464433198409e-01
4.552810155182547280e-01
2.593372873205248563e-01
3.976505072248047723e-01
2.766264398085598319e-01
2.593372873205248563e-01
3.918874563954597989e-01
6.108833879105696196e-01
4.668071171769447303e-01
4.437549138595647258e-01
3.054416939552848098e-01
3.918874563954597989e-01
5.244376254703947415e-01
3.227308464433198409e-01
1.210240674162449265e-01
3.918874563954597989e-01
6.108833879105696196e-01
4.725701680062897592e-01
4.437549138595647258e-01
2.939155922965948076e-01
3.745983039074247678e-01
5.474898287877747460e-01
1.671284740510048938e-01
2.017067790270748728e-01
1.118031860892929386e+00
8.125901669376445202e-01
8.759837260604395048e-01
7.953010144496095446e-01
5.071484729823597659e-01
5.763050829344996684e-01
5.474898287877747460e-01
3.284938972726648143e-01
5.359637271290846883e-01
3.227308464433198409e-01
2.708633889792148586e-01
3.400199989313548166e-01
1.728915248803498950e-01
4.725701680062897592e-01
5.820681337638446973e-01
4.956223713236697082e-01
4.264657613715297502e-01
4.956223713236697082e-01
5.474898287877747460e-01
3.342569481020097877e-01
5.417267779584297172e-01
1.008533895135374392e+00
1.181425420015724370e+00
9.393772851832344895e-01
3.112047447846298387e-01
4.668071171769447303e-01
5.359637271290846883e-01
4.610440663475997569e-01
1.187188470845069288e+00
1.319738639920004175e+00
3.976505072248047723e-01
3.688352530780797944e-01
3.112047447846298387e-01
4.668071171769447303e-01
4.725701680062897592e-01
5.935942354225346440e-01
4.783332188356347325e-01
5.359637271290846883e-01
3.457830497606997899e-01
1.360079995725419266e+00
6.108833879105696196e-01
8.875098277191294516e-01
3.976505072248047723e-01
7.895379636202645157e-01
5.129115238117046838e-01
6.166464387399146485e-01
5.993572862518796729e-01
4.322288122008747790e-01
2.708633889792148586e-01
4.379918630302197524e-01
4.552810155182547280e-01
3.227308464433198409e-01
4.149396597128397479e-01
3.976505072248047723e-01
5.129115238117046838e-01
7.664857603028846222e-01
4.610440663475997569e-01
5.186745746410497127e-01
4.610440663475997569e-01
3.169677956139748121e-01
4.725701680062897592e-01
4.668071171769447303e-01
4.149396597128397479e-01
4.034135580541497457e-01
5.186745746410497127e-01
5.417267779584297172e-01
7.261444044974696421e-01
9.739555901593044407e-01
4.898593204943247348e-01
9.739555901593044407e-01
1.025823047623409368e+00
4.322288122008747790e-01
5.186745746410497127e-01
5.302006762997396594e-01
8.183532177669895491e-01
2.478111856618348541e-01
2.420481348324898530e-01
5.647789812758097217e-01
4.207027105421847768e-01
4.898593204943247348e-01
4.034135580541497457e-01
4.379918630302197524e-01
5.302006762997396594e-01
7.607227094735395934e-01
5.820681337638446973e-01
4.207027105421847768e-01
4.034135580541497457e-01
5.302006762997396594e-01
4.437549138595647258e-01
4.322288122008747790e-01
5.129115238117046838e-01
3.688352530780797944e-01
5.417267779584297172e-01
3.457830497606997899e-01
4.322288122008747790e-01
3.745983039074247678e-01
4.264657613715297502e-01
9.220881326951995138e-01
5.417267779584297172e-01
7.722488111322295401e-01
8.298793194256794958e-01
8.241162685963345780e-01
7.780118619615745690e-01
5.878311845931896151e-01
6.800399978627096331e-01
3.227308464433198409e-01
8.702206752310944760e-01
4.610440663475997569e-01
3.400199989313548166e-01
1.613654232216599205e-01
1.210240674162449265e-01
4.725701680062897592e-01
3.688352530780797944e-01
4.264657613715297502e-01
4.725701680062897592e-01
2.766264398085598319e-01
4.610440663475997569e-01
5.129115238117046838e-01
3.457830497606997899e-01
2.362850840031448796e-01
4.725701680062897592e-01
3.688352530780797944e-01
4.322288122008747790e-01
4.783332188356347325e-01
2.881525414672498342e-01
5.590159304464646928e-01
3.861244055661147700e-01
4.437549138595647258e-01
1.210240674162449265e-01
9.624294885006144940e-01
7.607227094735395934e-01
4.495179646889097547e-01
6.973291503507446087e-01
7.953010144496095446e-01
4.149396597128397479e-01
4.956223713236697082e-01
8.241162685963345780e-01
3.861244055661147700e-01
5.186745746410497127e-01
8.125901669376445202e-01
4.149396597128397479e-01
3.918874563954597989e-01
4.495179646889097547e-01
4.725701680062897592e-01
3.861244055661147700e-01
4.149396597128397479e-01
4.956223713236697082e-01
5.186745746410497127e-01
4.379918630302197524e-01
1.129557962551619443e+00
8.586945735724045292e-01
8.241162685963345780e-01
5.763050829344996684e-01
4.668071171769447303e-01
4.725701680062897592e-01
9.451403360125795183e-01
3.803613547367697967e-01
3.630722022487348211e-01
4.495179646889097547e-01
4.437549138595647258e-01
4.264657613715297502e-01
6.166464387399146485e-01
4.725701680062897592e-01
4.668071171769447303e-01
4.668071171769447303e-01
5.244376254703947415e-01
4.264657613715297502e-01
8.356423702550245247e-01
6.339355912279496241e-01
4.149396597128397479e-01
4.149396597128397479e-01
6.742769470333646042e-01
1.014296945964719532e+00
8.529315227430595003e-01
4.495179646889097547e-01
4.437549138595647258e-01
4.322288122008747790e-01
3.630722022487348211e-01
5.013854221530147370e-01
3.573091514193897922e-01
7.549596586441945645e-01
3.976505072248047723e-01
3.573091514193897922e-01
3.227308464433198409e-01
7.664857603028846222e-01
2.535742364911798830e-01
6.051203370812247018e-01
4.264657613715297502e-01
3.573091514193897922e-01
3.227308464433198409e-01
7.319074553268145600e-01
4.207027105421847768e-01
5.129115238117046838e-01
4.840962696649797059e-01
3.688352530780797944e-01
3.803613547367697967e-01
3.976505072248047723e-01
8.414054210843695536e-01
7.607227094735395934e-01
7.030922011800896376e-01
7.376705061561595889e-01
4.898593204943247348e-01
5.013854221530147370e-01
6.627508453746746575e-01
7.261444044974696421e-01
4.264657613715297502e-01
4.149396597128397479e-01
4.034135580541497457e-01
4.034135580541497457e-01
5.820681337638446973e-01
5.993572862518796729e-01
5.013854221530147370e-01
4.783332188356347325e-01
4.783332188356347325e-01
2.766264398085598319e-01
5.013854221530147370e-01
4.207027105421847768e-01
5.647789812758097217e-01
4.898593204943247348e-01
5.532528796171196639e-01
5.013854221530147370e-01
4.840962696649797059e-01
1.129557962551619443e+00
4.495179646889097547e-01
5.532528796171196639e-01
5.244376254703947415e-01
4.149396597128397479e-01
4.783332188356347325e-01
4.149396597128397479e-01
1.100742708404894410e+00
4.264657613715297502e-01
4.552810155182547280e-01
4.783332188356347325e-01
5.071484729823597659e-01
4.495179646889097547e-01
5.244376254703947415e-01
3.573091514193897922e-01
4.207027105421847768e-01
4.840962696649797059e-01
5.013854221530147370e-01
3.745983039074247678e-01
5.820681337638446973e-01
4.552810155182547280e-01
5.244376254703947415e-01
4.207027105421847768e-01
4.840962696649797059e-01
2.766264398085598319e-01
4.034135580541497457e-01
4.207027105421847768e-01
4.264657613715297502e-01
8.183532177669895491e-01
8.356423702550245247e-01
5.705420321051546395e-01
4.725701680062897592e-01
7.434335569855046177e-01
8.414054210843695536e-01
7.549596586441945645e-01
5.186745746410497127e-01
5.820681337638446973e-01
6.396986420572946530e-01
3.918874563954597989e-01
1.671284740510048938e-01
5.186745746410497127e-01
5.763050829344996684e-01
4.610440663475997569e-01
4.149396597128397479e-01
4.725701680062897592e-01
5.359637271290846883e-01
5.820681337638446973e-01
3.515461005900448188e-01
5.186745746410497127e-01
5.820681337638446973e-01
4.495179646889097547e-01
3.918874563954597989e-01
4.898593204943247348e-01
5.474898287877747460e-01
2.074698298564198740e-01
2.593372873205248563e-01
1.210240674162449265e-01
7.722488111322295401e-01
7.203813536681246132e-01
8.125901669376445202e-01
5.302006762997396594e-01
5.705420321051546395e-01
8.183532177669895491e-01
9.451403360125795183e-01
2.132328806857648751e-01
2.996786431259398364e-01
7.664857603028846222e-01
5.129115238117046838e-01
1.671284740510048938e-01
1.613654232216599205e-01
4.034135580541497457e-01
4.840962696649797059e-01
4.956223713236697082e-01
5.186745746410497127e-01
5.705420321051546395e-01
2.074698298564198740e-01
2.996786431259398364e-01
3.169677956139748121e-01
5.359637271290846883e-01
2.996786431259398364e-01
9.681925393299594118e-01
9.566664376712694651e-01
4.149396597128397479e-01
4.610440663475997569e-01
1.504156266459044211e+00
4.437549138595647258e-01
5.302006762997396594e-01
1.233292877479829297e+00
4.783332188356347325e-01
3.688352530780797944e-01
4.091766088834947745e-01
4.149396597128397479e-01
4.610440663475997569e-01
4.495179646889097547e-01
4.437549138595647258e-01
3.630722022487348211e-01
7.030922011800896376e-01
5.532528796171196639e-01
4.898593204943247348e-01
6.742769470333646042e-01
5.302006762997396594e-01
4.552810155182547280e-01
5.705420321051546395e-01
7.664857603028846222e-01
3.284938972726648143e-01
4.091766088834947745e-01
4.437549138595647258e-01
2.939155922965948076e-01
3.169677956139748121e-01
5.820681337638446973e-01
5.590159304464646928e-01
4.898593204943247348e-01
5.302006762997396594e-01
4.552810155182547280e-01
3.861244055661147700e-01
3.573091514193897922e-01
6.108833879105696196e-01
3.284938972726648143e-01
2.996786431259398364e-01
5.532528796171196639e-01
5.302006762997396594e-01
3.284938972726648143e-01
5.244376254703947415e-01
3.918874563954597989e-01
4.091766088834947745e-01
3.745983039074247678e-01
3.573091514193897922e-01
2.535742364911798830e-01
1.267871182455899248e+00
8.010640652789545735e-01
9.912447426473394163e-01
4.610440663475997569e-01
5.071484729823597659e-01
4.149396597128397479e-01
4.783332188356347325e-01
4.264657613715297502e-01
5.244376254703947415e-01
2.305220331737998785e-01
1.383132199042799160e-01
2.247589823444548773e-01
3.745983039074247678e-01
3.400199989313548166e-01
7.607227094735395934e-01
4.034135580541497457e-01
4.207027105421847768e-01
4.725701680062897592e-01
5.013854221530147370e-01
5.417267779584297172e-01
8.702206752310944760e-01
4.437549138595647258e-01
3.976505072248047723e-01
3.400199989313548166e-01
4.840962696649797059e-01
5.186745746410497127e-01
6.166464387399146485e-01
4.840962696649797059e-01
4.840962696649797059e-01
4.956223713236697082e-01
8.644576244017495581e-01
2.708633889792148586e-01
1.440762707336249171e-01
2.074698298564198740e-01
3.515461005900448188e-01
4.437549138595647258e-01
3.976505072248047723e-01
3.400199989313548166e-01
4.725701680062897592e-01
3.745983039074247678e-01
5.013854221530147370e-01
6.973291503507446087e-01
4.956223713236697082e-01
3.688352530780797944e-01
5.244376254703947415e-01
3.918874563954597989e-01
5.302006762997396594e-01
3.515461005900448188e-01
4.783332188356347325e-01
3.227308464433198409e-01
5.186745746410497127e-01
7.549596586441945645e-01
1.083453555916859434e+00
4.264657613715297502e-01
8.471684719137144715e-01
7.261444044974696421e-01
5.129115238117046838e-01
4.668071171769447303e-01
5.244376254703947415e-01
4.783332188356347325e-01
5.878311845931896151e-01
4.264657613715297502e-01
3.400199989313548166e-01
5.359637271290846883e-01
4.034135580541497457e-01
5.244376254703947415e-01
5.129115238117046838e-01
5.186745746410497127e-01
1.556023723923149193e-01
2.189959315151098762e-01
3.861244055661147700e-01
5.878311845931896151e-01
5.244376254703947415e-01
5.359637271290846883e-01
3.976505072248047723e-01
5.129115238117046838e-01
4.783332188356347325e-01
1.556023723923149193e-01
9.105620310365094561e-01
9.451403360125795183e-01
6.915660995213995799e-01
8.125901669376445202e-01
1.227529826650484379e+00
1.100742708404894410e+00
4.956223713236697082e-01
6.339355912279496241e-01
1.152610165868999392e-01
1.728915248803498950e-01
4.207027105421847768e-01
5.590159304464646928e-01
4.725701680062897592e-01
4.437549138595647258e-01
5.186745746410497127e-01
5.474898287877747460e-01
4.956223713236697082e-01
2.593372873205248563e-01
3.745983039074247678e-01
8.414054210843695536e-01
9.047989802071645382e-01
6.742769470333646042e-01
8.875098277191294516e-01
7.722488111322295401e-01
4.956223713236697082e-01
4.898593204943247348e-01
3.400199989313548166e-01
1.613654232216599205e-01
8.125901669376445202e-01
2.074698298564198740e-01
1.901806773683848983e-01
4.379918630302197524e-01
5.590159304464646928e-01
4.725701680062897592e-01
6.742769470333646042e-01
5.705420321051546395e-01
4.956223713236697082e-01
4.149396597128397479e-01
4.840962696649797059e-01
9.105620310365094561e-01
4.668071171769447303e-01
3.515461005900448188e-01
6.108833879105696196e-01
6.454616928866396819e-01
6.627508453746746575e-01
5.129115238117046838e-01
8.414054210843695536e-01
4.783332188356347325e-01
4.091766088834947745e-01
5.013854221530147370e-01
3.054416939552848098e-01
4.322288122008747790e-01
4.725701680062897592e-01
4.668071171769447303e-01
3.630722022487348211e-01
6.108833879105696196e-01
4.091766088834947745e-01
4.898593204943247348e-01
4.207027105421847768e-01
2.881525414672498342e-01
2.766264398085598319e-01
5.417267779584297172e-01
5.129115238117046838e-01
2.881525414672498342e-01
4.956223713236697082e-01
4.610440663475997569e-01
4.668071171769447303e-01
4.207027105421847768e-01
5.129115238117046838e-01
1.544497622264459080e+00
4.668071171769447303e-01
1.066164403428824459e+00
4.437549138595647258e-01
5.993572862518796729e-01
4.840962696649797059e-01
4.495179646889097547e-01
5.071484729823597659e-01
4.495179646889097547e-01
3.861244055661147700e-01
4.322288122008747790e-01
2.305220331737998785e-01
5.417267779584297172e-01
4.725701680062897592e-01
4.783332188356347325e-01
5.993572862518796729e-01
5.820681337638446973e-01
4.610440663475997569e-01
4.495179646889097547e-01
2.132328806857648751e-01
5.935942354225346440e-01
8.875098277191294516e-01
7.491966078148495356e-01
4.783332188356347325e-01
4.668071171769447303e-01
2.996786431259398364e-01
3.112047447846298387e-01
4.725701680062897592e-01
5.878311845931896151e-01
4.207027105421847768e-01
5.820681337638446973e-01
6.339355912279496241e-01
7.030922011800896376e-01
4.322288122008747790e-01
4.379918630302197524e-01
4.495179646889097547e-01
4.149396597128397479e-01
2.189959315151098762e-01
3.400199989313548166e-01
4.091766088834947745e-01
7.491966078148495356e-01
4.034135580541497457e-01
5.532528796171196639e-01
5.878311845931896151e-01
4.956223713236697082e-01
4.207027105421847768e-01
5.244376254703947415e-01
5.532528796171196639e-01
7.376705061561595889e-01
1.613654232216599205e-01
6.800399978627096331e-01
6.858030486920546620e-01
6.858030486920546620e-01
5.359637271290846883e-01
5.302006762997396594e-01
5.820681337638446973e-01
6.915660995213995799e-01
8.010640652789545735e-01
9.220881326951995138e-01
3.803613547367697967e-01
7.203813536681246132e-01
5.302006762997396594e-01
6.339355912279496241e-01
3.918874563954597989e-01
5.993572862518796729e-01
4.840962696649797059e-01
7.376705061561595889e-01
2.939155922965948076e-01
4.149396597128397479e-01
5.244376254703947415e-01
3.861244055661147700e-01
3.861244055661147700e-01
4.322288122008747790e-01
5.993572862518796729e-01
4.495179646889097547e-01
2.881525414672498342e-01
7.780118619615745690e-01
3.688352530780797944e-01
3.976505072248047723e-01
3.400199989313548166e-01
4.149396597128397479e-01
5.532528796171196639e-01
1.267871182455899415e-01
2.305220331737998785e-01
7.607227094735395934e-01
6.339355912279496241e-01
3.803613547367697967e-01
6.108833879105696196e-01
8.990359293778195093e-01
7.319074553268145600e-01
6.915660995213995799e-01
8.471684719137144715e-01
8.298793194256794958e-01
5.532528796171196639e-01
3.515461005900448188e-01
4.610440663475997569e-01
4.437549138595647258e-01
5.071484729823597659e-01
3.688352530780797944e-01
5.820681337638446973e-01
5.359637271290846883e-01
4.552810155182547280e-01
3.400199989313548166e-01
2.478111856618348541e-01
5.186745746410497127e-01
6.281725403986045952e-01
9.047989802071645382e-01
5.244376254703947415e-01
5.129115238117046838e-01
9.163250818658544850e-01
6.224094895692596774e-01
4.610440663475997569e-01
5.013854221530147370e-01
1.094979657575549492e+00
2.651003381498698297e-01
5.129115238117046838e-01
3.688352530780797944e-01
4.956223713236697082e-01
5.935942354225346440e-01
5.763050829344996684e-01
6.339355912279496241e-01
4.668071171769447303e-01
4.091766088834947745e-01
9.278511835245444317e-01
1.175662369186379230e+00
8.241162685963345780e-01
4.207027105421847768e-01
7.088552520094345555e-01
7.030922011800896376e-01
5.359637271290846883e-01
5.013854221530147370e-01
4.552810155182547280e-01
1.901806773683848983e-01
1.325501690749349148e-01
3.112047447846298387e-01
4.379918630302197524e-01
4.149396597128397479e-01
4.552810155182547280e-01
5.302006762997396594e-01
5.417267779584297172e-01
5.417267779584297172e-01
5.129115238117046838e-01
5.474898287877747460e-01
1.348553894066729208e+00
5.532528796171196639e-01
4.379918630302197524e-01
4.091766088834947745e-01
3.284938972726648143e-01
1.020059996794064450e+00
4.264657613715297502e-01
7.146183028387795844e-01
9.739555901593044407e-01
5.878311845931896151e-01
5.474898287877747460e-01
7.837749127909195979e-01
6.800399978627096331e-01
5.590159304464646928e-01
3.054416939552848098e-01
4.091766088834947745e-01
5.302006762997396594e-01
4.322288122008747790e-01
4.956223713236697082e-01
7.491966078148495356e-01
4.783332188356347325e-01
5.129115238117046838e-01
5.417267779584297172e-01
5.186745746410497127e-01
4.379918630302197524e-01
4.610440663475997569e-01
4.956223713236697082e-01
4.495179646889097547e-01
4.034135580541497457e-01
5.359637271290846883e-01
2.132328806857648751e-01
1.094979657575549492e+00
4.091766088834947745e-01
7.146183028387795844e-01
9.509033868419244362e-01
2.651003381498698297e-01
2.823894906379048608e-01
4.956223713236697082e-01
5.013854221530147370e-01
4.610440663475997569e-01
6.108833879105696196e-01
4.840962696649797059e-01
4.783332188356347325e-01
4.840962696649797059e-01
4.610440663475997569e-01
7.030922011800896376e-01
4.322288122008747790e-01
5.302006762997396594e-01
2.651003381498698297e-01
6.512247437159845997e-01
2.823894906379048608e-01
4.956223713236697082e-01
1.434999656506904087e+00
6.396986420572946530e-01
3.861244055661147700e-01
3.745983039074247678e-01
6.454616928866396819e-01
7.722488111322295401e-01
5.590159304464646928e-01
8.183532177669895491e-01
9.739555901593044407e-01
1.901806773683848983e-01
1.613654232216599205e-01
4.783332188356347325e-01
3.918874563954597989e-01
2.939155922965948076e-01
3.745983039074247678e-01
4.437549138595647258e-01
5.359637271290846883e-01
3.861244055661147700e-01
6.224094895692596774e-01
4.725701680062897592e-01
4.840962696649797059e-01
3.861244055661147700e-01
2.881525414672498342e-01
3.745983039074247678e-01
4.437549138595647258e-01
5.244376254703947415e-01
3.861244055661147700e-01
6.627508453746746575e-01
1.901806773683848983e-01
1.175662369186379230e+00
6.800399978627096331e-01
6.915660995213995799e-01
7.722488111322295401e-01
7.780118619615745690e-01
4.091766088834947745e-01
4.264657613715297502e-01
4.956223713236697082e-01
5.532528796171196639e-01
5.129115238117046838e-01
6.166464387399146485e-01
4.668071171769447303e-01
2.189959315151098762e-01
6.512247437159845997e-01
6.858030486920546620e-01
7.030922011800896376e-01
7.664857603028846222e-01
4.149396597128397479e-01
4.840962696649797059e-01
3.918874563954597989e-01
1.106505759234239328e+00
6.569877945453296286e-01
7.088552520094345555e-01
9.797186409886494696e-01
5.820681337638446973e-01
5.474898287877747460e-01
7.549596586441945645e-01
1.014296945964719532e+00
5.647789812758097217e-01
2.478111856618348541e-01
2.996786431259398364e-01
3.861244055661147700e-01
8.817467768897845337e-01
4.725701680062897592e-01
6.627508453746746575e-01
4.091766088834947745e-01
5.935942354225346440e-01
4.552810155182547280e-01
4.783332188356347325e-01
6.108833879105696196e-01
9.336142343538894606e-01
7.030922011800896376e-01
2.535742364911798830e-01
3.457830497606997899e-01
4.610440663475997569e-01
5.417267779584297172e-01
4.898593204943247348e-01
4.437549138595647258e-01
3.169677956139748121e-01
7.203813536681246132e-01
6.224094895692596774e-01
4.091766088834947745e-01
5.071484729823597659e-01
6.108833879105696196e-01
5.186745746410497127e-01
6.166464387399146485e-01
2.535742364911798830e-01
3.918874563954597989e-01
3.169677956139748121e-01
2.017067790270748728e-01
5.129115238117046838e-01
9.278511835245444317e-01
2.535742364911798830e-01
5.878311845931896151e-01
4.840962696649797059e-01
3.054416939552848098e-01
6.569877945453296286e-01
